0.900000000000 0.060053985306 0.007594258906 0.016584610176 0.094715977274 0.044903361791 0.081255074119 0.040614549998 0.053565460288 0.005147093607
0.091731369328 0.900000000000 0.065431459787 0.095226510544 0.018363154176 0.072088500914 0.005343384566 0.088350337114 0.014081484190 0.007859683397
0.068593759225 0.059758426685 0.900000000000 0.096753460871 0.009408512134 0.022945288079 0.050401309045 0.064178142882 0.005795664222 0.061866164317
0.047107237903 0.057652384963 0.026796482884 0.900000000000 0.083990974406 0.091695683927 0.029513550353 0.040716542969 0.040705443148 0.002013787068
0.045575472272 0.079313637230 0.032338268345 0.067883512474 0.900000000000 0.044958150553 0.068016480506 0.040577681117 0.061928891411 0.088075759424
0.044102839266 0.088835518331 0.019541465042 0.069681599419 0.028208588845 0.900000000000 0.074832069520 0.073972234218 0.077752717660 0.073468828206
0.094440518579 0.063915759654 0.042462752370 0.097722989099 0.061287846826 0.076902982188 0.900000000000 0.095302834337 0.005003166545 0.037786559408
0.094744001236 0.005526905236 0.006052525385 0.067866576491 0.079056358291 0.053482857539 0.007317924696 0.900000000000 0.074481411174 0.050521427463
0.059913660572 0.090950517200 0.089979017542 0.098639306756 0.047047194330 0.098201998917 0.016770019049 0.020458988487 0.900000000000 0.077127646370
0.081925027276 0.064444647949 0.099347758248 0.060908327051 0.062955715861 0.005281294420 0.084891443424 0.026130066012 0.058408665326 0.900000000000
