0.100000000000 0.010000000000 0.010000000000 0.010000000000 0.010000000000 0.010000000000 0.010000000000 0.010000000000 0.010000000000 0.010000000000
0.010000000000 0.100000000000 0.010000000000 0.010000000000 0.010000000000 0.010000000000 0.010000000000 0.010000000000 0.010000000000 0.010000000000
0.010000000000 0.010000000000 0.100000000000 0.010000000000 0.010000000000 0.010000000000 0.010000000000 0.010000000000 0.010000000000 0.010000000000
0.010000000000 0.010000000000 0.010000000000 0.100000000000 0.010000000000 0.010000000000 0.010000000000 0.010000000000 0.010000000000 0.010000000000
0.010000000000 0.010000000000 0.010000000000 0.010000000000 0.100000000000 0.010000000000 0.010000000000 0.010000000000 0.010000000000 0.010000000000
0.010000000000 0.010000000000 0.010000000000 0.010000000000 0.010000000000 0.100000000000 0.010000000000 0.010000000000 0.010000000000 0.010000000000
0.010000000000 0.010000000000 0.010000000000 0.010000000000 0.010000000000 0.010000000000 0.100000000000 0.010000000000 0.010000000000 0.010000000000
0.010000000000 0.010000000000 0.010000000000 0.010000000000 0.010000000000 0.010000000000 0.010000000000 0.100000000000 0.010000000000 0.010000000000
0.010000000000 0.010000000000 0.010000000000 0.010000000000 0.010000000000 0.010000000000 0.010000000000 0.010000000000 0.100000000000 0.010000000000
0.010000000000 0.010000000000 0.010000000000 0.010000000000 0.010000000000 0.010000000000 0.010000000000 0.010000000000 0.010000000000 0.100000000000
