0.900000000000 -0.062544758981 -0.068123638757 -0.068452963205 -0.016561327494 -0.037635732800 -0.019902336042 -0.012452767255 -0.074076800597 -0.082861481820
-0.027859230900 0.900000000000 -0.013224460262 -0.029592360069 -0.018567179326 -0.039325365425 -0.009895202707 -0.001933237453 -0.006003093765 -0.006855100494
-0.043702511830 -0.076778479740 0.900000000000 -0.037370033441 -0.064910493251 -0.086108192533 -0.085314040716 -0.041700798948 -0.012513154071 -0.052029335545
-0.017972344469 -0.069696841391 -0.003809387979 0.900000000000 -0.074135990576 -0.033540282773 -0.058339622326 -0.014581911236 -0.098484797884 -0.098894742425
-0.013547862799 -0.078664115606 -0.024674497429 -0.078135144302 0.900000000000 -0.064744659181 -0.053077363035 -0.007916146361 -0.079874012056 -0.029475697654
-0.019191278874 -0.046871752078 -0.012505777275 -0.001270426080 -0.044824382327 0.900000000000 -0.097096895844 -0.045134218016 -0.043904600093 -0.067842474904
-0.043926478425 -0.055516834929 -0.045099234768 -0.076593935437 -0.026848369957 -0.076816241187 0.900000000000 -0.054200580274 -0.009721760051 -0.073463612778
-0.057448339891 -0.057927322420 -0.010574303064 -0.002768063537 -0.060335178926 -0.049407273065 -0.061922418549 0.900000000000 -0.001164135280 -0.027698873338
-0.079692593948 -0.081887263736 -0.084393239989 -0.088760262515 -0.056709011238 -0.096034796620 -0.063259419293 -0.070947540016 0.900000000000 -0.077295921990
-0.020345143836 -0.081954368944 -0.014250556765 -0.096451221313 -0.098894604395 -0.005213759206 -0.071797277632 -0.007403909128 -0.052248681264 0.900000000000
