PRS
0.0024667168251549
0.00379412562322205
0.00508602890210052
0.00230590410810205
0.007876078539179
0.00618573697789871
0.00466126304104114
0.00289391382518055
0.00863021587506329
0.00336852151739714
0.00352557224278104
0.00379162664407478
0.00351025667478581
0.00393766688066071
0.00193545797153825
0.00528956493764785
0.00422945251933169
0.00242465919866072
0.00473950865288892
0.00285997916692259
0.00144991587523353
0.00391130066209313
0.00535863935698037
0.0046792406709768
0.00195329692118364
