PRS
0.00246896258585424
0.00228791701000224
0.00150661914225255
0.00199747966750503
0.00417916367838534
0.00162058697640467
0.000893113044568276
0.00286085599429915
0.00382980471200126
0.00229314698154248
0.00888545755277021
0.00342555949588776
0.00363497357427123
0.00506272903806111
0.0027904034168515
0.00273584207259233
0.00388999709096916
0.00313123390233993
0.00415892524069072
0.00317778654711948
0.00224752421974781
0.002441225257875
0.00211393429035804
0.00302345355614951
0.00202990222845847
