0.900000000000 -0.020634851079 -0.059495114892 -0.051020735717 -0.111947743296 -0.133776915456 -0.101563492862 -0.115706363080 -0.093688446488 -0.127236996149
-0.035405611434 0.900000000000 -0.149436844134 -0.080639313442 -0.138962929867 -0.022678710557 -0.145284271370 -0.007769887329 -0.028308372755 -0.148884617695
-0.046183087191 -0.039636141782 0.900000000000 -0.138199664003 -0.095496995025 -0.139549699465 -0.061574259207 -0.053366281098 -0.106178966977 -0.107663646371
-0.078830403041 -0.143783913039 -0.037756447707 0.900000000000 -0.132934491211 -0.075266543477 -0.125245648705 -0.006836319891 -0.112044257678 -0.077738357052
-0.108406480819 -0.092157299318 -0.140003784751 -0.008626595950 0.900000000000 -0.058676039772 -0.067629463746 -0.042870849358 -0.050570763539 -0.069799530283
-0.091425411608 -0.115319108261 -0.065724631278 -0.103679678154 -0.072074671382 0.900000000000 -0.054881528483 -0.081337927990 -0.137142262965 -0.020582393915
-0.085694011134 -0.053272763419 -0.049402024488 -0.016617374082 -0.107119874914 -0.048697276071 0.900000000000 -0.100164102645 -0.030601358677 -0.059152380414
-0.139419063364 -0.140271475828 -0.056457152365 -0.107827113516 -0.144241016294 -0.038637772271 -0.025142533785 0.900000000000 -0.087649132240 -0.053679804585
-0.109610998944 -0.129083501945 -0.042931786209 -0.053391768075 -0.124846487653 -0.124870138399 -0.140410846370 -0.082286371626 0.900000000000 -0.026796625121
-0.054754343266 -0.045971242028 -0.065401978256 -0.063612918756 -0.126424574680 -0.003306381408 -0.019346420859 -0.099520495890 -0.063552684201 0.900000000000
