0.100000000000 0.025000000000 0.025000000000 0.025000000000 0.025000000000 0.025000000000 0.025000000000 0.025000000000 0.025000000000 0.025000000000
0.025000000000 0.100000000000 0.025000000000 0.025000000000 0.025000000000 0.025000000000 0.025000000000 0.025000000000 0.025000000000 0.025000000000
0.025000000000 0.025000000000 0.100000000000 0.025000000000 0.025000000000 0.025000000000 0.025000000000 0.025000000000 0.025000000000 0.025000000000
0.025000000000 0.025000000000 0.025000000000 0.100000000000 0.025000000000 0.025000000000 0.025000000000 0.025000000000 0.025000000000 0.025000000000
0.025000000000 0.025000000000 0.025000000000 0.025000000000 0.100000000000 0.025000000000 0.025000000000 0.025000000000 0.025000000000 0.025000000000
0.025000000000 0.025000000000 0.025000000000 0.025000000000 0.025000000000 0.100000000000 0.025000000000 0.025000000000 0.025000000000 0.025000000000
0.025000000000 0.025000000000 0.025000000000 0.025000000000 0.025000000000 0.025000000000 0.100000000000 0.025000000000 0.025000000000 0.025000000000
0.025000000000 0.025000000000 0.025000000000 0.025000000000 0.025000000000 0.025000000000 0.025000000000 0.100000000000 0.025000000000 0.025000000000
0.025000000000 0.025000000000 0.025000000000 0.025000000000 0.025000000000 0.025000000000 0.025000000000 0.025000000000 0.100000000000 0.025000000000
0.025000000000 0.025000000000 0.025000000000 0.025000000000 0.025000000000 0.025000000000 0.025000000000 0.025000000000 0.025000000000 0.100000000000
