0.900000000000 -0.092984044206 -0.064291276080 -0.005488798662 -0.016973887244 -0.035800222831 -0.018904165783 -0.057731887328 -0.047818558044 -0.076484323130
-0.082226045891 0.900000000000 -0.007807500476 -0.027265871060 -0.044160546358 -0.017402294292 -0.069364253653 -0.070640938415 -0.002207519305 -0.065108356211
-0.076391384460 -0.021014871909 0.900000000000 -0.098923600742 -0.087385281944 -0.037808568416 -0.020069402317 -0.022635723492 -0.022612333295 -0.058560097614
-0.021751131605 -0.033348093373 -0.054141676703 0.900000000000 -0.042410037643 -0.005453674500 -0.001129036483 -0.036852333462 -0.024580455928 -0.027917139067
-0.063033727424 -0.064909911106 -0.082800057980 -0.021860314053 0.900000000000 -0.050061018496 -0.078575457226 -0.066919870676 -0.043705520860 -0.013851010669
-0.029499140425 -0.039988780689 -0.002723559865 -0.013455580643 -0.084125732405 0.900000000000 -0.058342423175 -0.056871247957 -0.014903316871 -0.052990033992
-0.002356970140 -0.062214433593 -0.085769678231 -0.050824193422 -0.059628919869 -0.014250658877 0.900000000000 -0.018141785623 -0.054356250834 -0.092551152148
-0.009215482046 -0.065553647570 -0.052044520306 -0.063884066606 -0.044161335522 -0.096662882270 -0.076966786906 0.900000000000 -0.096044199046 -0.041970920098
-0.062028422781 -0.088357274278 -0.086729959805 -0.021061943358 -0.009056600340 -0.091458044275 -0.073097933132 -0.049042887742 0.900000000000 -0.064782159084
-0.068995427779 -0.018731983695 -0.014782679436 -0.093080499244 -0.056230269909 -0.056616980080 -0.089195404709 -0.049582157255 -0.020867621843 0.900000000000
