0.900000000000 -0.097758367274 -0.002193009686 -0.003284379716 -0.089517374379 -0.044514687363 -0.059718586980 -0.010827406002 -0.014406545567 -0.064736928298
-0.086173857975 0.900000000000 -0.012265003882 -0.038965973527 -0.042507713747 -0.049734267622 -0.008905838712 -0.007286251953 -0.076902119755 -0.044103773653
-0.051830308062 -0.059053814387 0.900000000000 -0.019476951458 -0.082850181194 -0.057420400634 -0.084253837930 -0.000028952531 -0.002896276949 -0.020123844069
-0.070546936780 -0.028141747418 -0.097682778637 0.900000000000 -0.075324478199 -0.025459017606 -0.025118249183 -0.016401128402 -0.054422173587 -0.046717205888
-0.092364199967 -0.036328568615 -0.003165612119 -0.047647703786 0.900000000000 -0.042277260676 -0.023599047222 -0.060422131051 -0.092651042911 -0.052500653911
-0.036368083121 -0.017555415439 -0.013158936101 -0.048084284766 -0.000823807168 0.900000000000 -0.052655340723 -0.054844497211 -0.001130377756 -0.047319582302
-0.066225286399 -0.078963181721 -0.069555903470 -0.096783368629 -0.006263574209 -0.035762264373 0.900000000000 -0.084451093714 -0.087803519700 -0.042899871540
-0.014531601292 -0.070382938176 -0.036865211923 -0.052409359583 -0.056099507165 -0.016697607011 -0.078462142504 0.900000000000 -0.023620401660 -0.069056524976
-0.056305800253 -0.083051852904 -0.085871252793 -0.082176542374 -0.087791276100 -0.009835707704 -0.032767242661 -0.019788170925 0.900000000000 -0.015862484734
-0.060457298068 -0.056996661115 -0.018310024496 -0.047554905828 -0.075957554845 -0.096055929479 -0.093713842893 -0.085644233199 -0.051944294961 0.900000000000
