0.100000000000 0.080000000000 0.080000000000 0.080000000000 0.080000000000 0.080000000000 0.080000000000 0.080000000000 0.080000000000 0.080000000000
0.080000000000 0.100000000000 0.080000000000 0.080000000000 0.080000000000 0.080000000000 0.080000000000 0.080000000000 0.080000000000 0.080000000000
0.080000000000 0.080000000000 0.100000000000 0.080000000000 0.080000000000 0.080000000000 0.080000000000 0.080000000000 0.080000000000 0.080000000000
0.080000000000 0.080000000000 0.080000000000 0.100000000000 0.080000000000 0.080000000000 0.080000000000 0.080000000000 0.080000000000 0.080000000000
0.080000000000 0.080000000000 0.080000000000 0.080000000000 0.100000000000 0.080000000000 0.080000000000 0.080000000000 0.080000000000 0.080000000000
0.080000000000 0.080000000000 0.080000000000 0.080000000000 0.080000000000 0.100000000000 0.080000000000 0.080000000000 0.080000000000 0.080000000000
0.080000000000 0.080000000000 0.080000000000 0.080000000000 0.080000000000 0.080000000000 0.100000000000 0.080000000000 0.080000000000 0.080000000000
0.080000000000 0.080000000000 0.080000000000 0.080000000000 0.080000000000 0.080000000000 0.080000000000 0.100000000000 0.080000000000 0.080000000000
0.080000000000 0.080000000000 0.080000000000 0.080000000000 0.080000000000 0.080000000000 0.080000000000 0.080000000000 0.100000000000 0.080000000000
0.080000000000 0.080000000000 0.080000000000 0.080000000000 0.080000000000 0.080000000000 0.080000000000 0.080000000000 0.080000000000 0.100000000000
