0.900000000000 -0.052564337779 -0.127624044534 -0.002841706487 -0.134029114274 -0.124072663014 -0.082163990774 -0.074937118017 -0.005081005802 -0.084034478518
-0.188205914111 0.900000000000 -0.001368709492 -0.204905225500 -0.164876195813 -0.191298439808 -0.108897622845 -0.283173635983 -0.213937355070 -0.286455933180
-0.156911351132 -0.166915616558 0.900000000000 -0.067802376413 -0.199261453865 -0.028245163088 -0.026063241508 -0.226398635444 -0.105124017056 -0.075301729515
-0.062615675970 -0.069297842147 -0.010433263552 0.900000000000 -0.033834831790 -0.240893181702 -0.250321913970 -0.245174275945 -0.169611869986 -0.010141558955
-0.278406533418 -0.053407004462 -0.022141633610 -0.019523564298 0.900000000000 -0.072379910434 -0.278928557189 -0.026930071167 -0.154106354703 -0.167829979993
-0.139846401786 -0.101859900096 -0.278243354850 -0.278812206719 -0.027215161992 0.900000000000 -0.146085144169 -0.044109704505 -0.287383858645 -0.216943867739
-0.039399655799 -0.223455277747 -0.051555598857 -0.295664861664 -0.042113940437 -0.187869363117 0.900000000000 -0.122276495665 -0.247123670897 -0.229237299015
-0.030746179414 -0.142328070373 -0.002765323254 -0.260570871178 -0.256596588574 -0.091661633172 -0.059660464599 0.900000000000 -0.199003825474 -0.125179112850
-0.139956596149 -0.295513313495 -0.061908145258 -0.193759432444 -0.272751624215 -0.124982748880 -0.215340666225 -0.282897231135 0.900000000000 -0.087417669371
-0.032355633522 -0.051218999529 -0.138410111212 -0.249922547520 -0.181861288870 -0.037652045116 -0.088214173271 -0.205118725093 -0.267363739444 0.900000000000
