0.900000000000 -0.073591577351 -0.018370639553 -0.034553417372 -0.009382381983 -0.079364459071 -0.094918609556 -0.096775973344 -0.060132280975 -0.069612653128
-0.007756830439 0.900000000000 -0.035202026225 -0.005313614678 -0.039261325627 -0.031451650255 -0.026639189090 -0.069503014013 -0.048792463751 -0.007750928627
-0.042308168652 -0.084077479634 0.900000000000 -0.065456002518 -0.017091643041 -0.004929669585 -0.083035556731 -0.070998553035 -0.015038159200 -0.071164299077
-0.096762844578 -0.035126558054 -0.081900263287 0.900000000000 -0.075656408357 -0.044245049831 -0.008394628914 -0.089918624097 -0.010863202571 -0.089563209672
-0.031547033342 -0.086052635203 -0.008655881466 -0.022692551442 0.900000000000 -0.023080009198 -0.029800207980 -0.045893813319 -0.002883315318 -0.021897972373
-0.081581289569 -0.025766820109 -0.022403468024 -0.083901363298 -0.009818419015 0.900000000000 -0.060192257346 -0.095289891741 -0.042636997534 -0.079947845085
-0.025073908019 -0.054427210760 -0.072696495600 -0.047552959507 -0.021283951361 -0.025929588961 0.900000000000 -0.064290920267 -0.083175789869 -0.042287363388
-0.070414726184 -0.076234947359 -0.078958157578 -0.037133475105 -0.087095880088 -0.013784444875 -0.079113656589 0.900000000000 -0.097217622642 -0.050375867203
-0.090314744718 -0.020005440484 -0.089114503254 -0.079811164278 -0.069776639845 -0.062037114330 -0.085602501730 -0.037133251133 0.900000000000 -0.028765811969
-0.045501451376 -0.083118681226 -0.001916221179 -0.097140640113 -0.036532891084 -0.042834474347 -0.009187337132 -0.020453574249 -0.023717945186 0.900000000000
