0.900000000000 -0.056811203854 -0.047058190674 -0.080765597208 -0.009854436002 -0.022495593151 -0.041440238323 -0.030434985675 -0.024339614737 -0.024546481760
-0.066775567466 0.900000000000 -0.038726319330 -0.043230145327 -0.014495937057 -0.093927548227 -0.071629346205 -0.007924231077 -0.004361361179 -0.086985584268
-0.064151103971 -0.007571415855 0.900000000000 -0.051124317250 -0.050368237326 -0.091200408328 -0.091918521023 -0.085470980122 -0.076811866499 -0.048156770796
-0.059426088014 -0.049711780941 -0.026564880247 0.900000000000 -0.048573646052 -0.082228254502 -0.047397822260 -0.064291601838 -0.036462571976 -0.006004391066
-0.077139978506 -0.097041099204 -0.030699113150 -0.078451311862 0.900000000000 -0.024271405803 -0.049436440373 -0.033478968532 -0.073751185404 -0.056169063701
-0.069202782765 -0.023635349438 -0.008619174728 -0.076360706876 -0.035412165422 0.900000000000 -0.014209195881 -0.092166279933 -0.054524256322 -0.045375227484
-0.079728555916 -0.040442813546 -0.068864879897 -0.054025016295 -0.008843360859 -0.080681984603 0.900000000000 -0.059585826636 -0.045871378500 -0.076190585338
-0.047275762235 -0.016504774461 -0.088896915811 -0.055336275076 -0.029093428892 -0.031490472934 -0.034823258455 0.900000000000 -0.058915247647 -0.040632837531
-0.092002401777 -0.050423956923 -0.067212168478 -0.043460562244 -0.010021285002 -0.080557933309 -0.090753747279 -0.009640909112 0.900000000000 -0.072093821124
-0.068034322344 -0.041958738611 -0.085304200464 -0.053226429160 -0.025440680116 -0.088990819695 -0.024910471484 -0.034302770031 -0.018465583521 0.900000000000
