PRS
0.00636982331496836
0.00275919000748123
0.0017693786796083
0.00141808352984807
0.00117344660819111
0.00288252413839928
0.0020740352272716
0.00214228709901384
0.00216897845163537
0.00224245593560432
0.00239664140803996
0.00343606742735841
0.0046058255887848
0.00147240209005439
0.00108227188859946
0.00185206336749235
0.00498689447458945
0.00184326243933619
0.00110986865826629
0.00156510570003954
0.00107636822049648
0.0047369079470944
0.00590786370460804
0.00211562766566797
0.00503184512641344
