PRS
0.0027969507071693
0.00246646249602423
0.0017168432495271
0.00140733510515781
0.0017427371070099
0.000776706621488772
0.00571489054603528
0.0016274032559286
0.00314211991335046
0.00288734946337304
0.00286861311691473
0.00206170865362739
0.00367358076852506
0.00350470227839101
0.00153266111723318
0.00106588609294171
0.00230519885825211
0.00156625441813489
0.00124193438741879
0.00108417883043904
0.00189023200550882
0.00291550175788028
0.00252486252944408
0.00133036769469164
0.00327225104529215
