PRS
0.000905756027713871
0.00173275905506769
0.00269857381265267
0.00398299109958327
0.00985386800589757
0.00531573485884507
0.00549595399402819
0.00227812035762528
0.00355305235012091
0.0054072408469111
0.00232261615933385
0.00285702821805176
0.00195264519128122
0.00195527887101626
0.00268271028395951
0.00296768988797972
0.0033924998052728
0.00675818245699127
0.00496161216021049
0.0106450115185037
0.00233595006417461
0.00386707399898989
0.00169616415186637
0.00124826904199213
0.00342659972778135
