PRS
0.00377387771195472
0.00199956689284523
0.000894479395856918
0.00282670005428996
0.00165181559699946
0.00134567823600435
0.00411197295335309
0.00251748110566003
0.00430414941403633
0.000687776515670075
0.00598260146082877
0.000858992995859128
0.00256112178867544
0.00310158256583911
0.00136685557594433
0.00107379063576387
0.00803294923822199
0.00248399699099318
0.00217735598688293
0.00305738761120613
0.00505249119525154
0.00239793416993095
0.00456972037700299
0.00150006551749781
0.00483274499490306
