PRS
0.00542883652302878
0.00119198510604898
0.00272121494826336
0.00200392061598952
0.00788799561060328
0.00399516128299199
0.00193056808880534
0.00210856619703983
0.00568627547421773
0.00402549978571489
0.00122855995093613
0.00250333682735873
0.00261135080684406
0.00572980060696845
0.00123444141252081
0.004124459140556
0.00522859777677121
0.00459938351289413
0.0108992452534244
0.00809563926789797
0.00111606116820489
0.0034430021432565
0.00682122208354391
0.00432329769831565
0.00458491462848539
