PRS
0.00165398580489157
0.000557436700047012
0.000460359880662017
0.000752731177819367
0.00252425362959507
0.000597669028485249
0.000600064172883388
0.00199324482814775
0.00139183907756628
0.000773254793833195
0.00154033438158755
0.000498243425898219
0.00226266318292153
0.000500296100829159
0.00110500417607462
0.000389803855257167
0.000711359063380072
0.00113715797823945
0.000751859238647981
0.00139381886101832
0.00273854841796256
0.00126774353638966
0.000611837308966878
0.000877560067607981
0.00114598052762068
