PRS
0.00287456210310422
0.000702320202762187
0.00246904623232984
0.0022856495585983
0.00410803825463246
0.00294273270145335
0.00297157961793258
0.00206614501088676
0.00554471445260437
0.00328743861001276
0.00273034689502747
0.00691007188656643
0.00432441418773568
0.00296714116029992
0.00305219709356754
0.00191860132846798
0.00375975871638214
0.00292132034111789
0.00376102533191778
0.00685992463637192
0.00205091214162626
0.00268940437483922
0.00776547561406385
0.00226587800501087
0.00337046101457376
