0.100000000000 0.005000000000 0.005000000000 0.005000000000 0.005000000000 0.005000000000 0.005000000000 0.005000000000 0.005000000000 0.005000000000
0.005000000000 0.100000000000 0.005000000000 0.005000000000 0.005000000000 0.005000000000 0.005000000000 0.005000000000 0.005000000000 0.005000000000
0.005000000000 0.005000000000 0.100000000000 0.005000000000 0.005000000000 0.005000000000 0.005000000000 0.005000000000 0.005000000000 0.005000000000
0.005000000000 0.005000000000 0.005000000000 0.100000000000 0.005000000000 0.005000000000 0.005000000000 0.005000000000 0.005000000000 0.005000000000
0.005000000000 0.005000000000 0.005000000000 0.005000000000 0.100000000000 0.005000000000 0.005000000000 0.005000000000 0.005000000000 0.005000000000
0.005000000000 0.005000000000 0.005000000000 0.005000000000 0.005000000000 0.100000000000 0.005000000000 0.005000000000 0.005000000000 0.005000000000
0.005000000000 0.005000000000 0.005000000000 0.005000000000 0.005000000000 0.005000000000 0.100000000000 0.005000000000 0.005000000000 0.005000000000
0.005000000000 0.005000000000 0.005000000000 0.005000000000 0.005000000000 0.005000000000 0.005000000000 0.100000000000 0.005000000000 0.005000000000
0.005000000000 0.005000000000 0.005000000000 0.005000000000 0.005000000000 0.005000000000 0.005000000000 0.005000000000 0.100000000000 0.005000000000
0.005000000000 0.005000000000 0.005000000000 0.005000000000 0.005000000000 0.005000000000 0.005000000000 0.005000000000 0.005000000000 0.100000000000
